32003	14
32004	91
32006	172
32007	17
32008	21
32009	97
32011	12
32013	35
32024	10
32025	74
32026	155
32030	143
32033	148
32034	124
32035	106
32038	175
32040	176
32041	92
32042	81
32043	15
32044	83
32046	125
32050	93
32052	96
32053	94
32054	122
32055	99
32056	53
32058	200
32059	125
32060	163
32061	99
32062	78
32063	154
32064	41
32065	15
32066	141
32067	98
32068	140
32071	81
32072	162
32073	78
32079	183
32080	67
32081	137
32082	30
32083	100
32084	14
32085	79
32086	58
32087	162
32091	50
32092	188
32094	31
32095	196
32096	1
32097	88
32099	46
32102	16
32105	161
32110	135
32111	17
32112	79
32113	183
32114	100
32115	177
32116	83
32117	3
32118	181
32119	57
32120	169
32121	162
32122	97
32123	159
32124	100
32125	12
32126	159
32127	72
32128	34
32129	100
32130	58
32131	51
32132	57
32133	156
32134	58
32135	3
32136	48
32137	6
32138	168
32139	153
32140	7
32141	63
32142	71
32143	60
32145	60
32147	181
32148	169
32149	70
32157	126
32158	109
32159	141
32160	7
32162	125
32163	43
32164	150
32168	103
32169	87
32170	57
32173	41
32174	61
32175	90
32176	174
32177	89
32178	193
32179	138
32180	188
32181	23
32182	25
32183	152
32185	186
32187	175
32189	180
32190	20
32192	19
32193	191
32195	34
32198	34
32201	77
32202	12
32203	145
32204	192
32205	169
32206	100
32207	49
32208	172
32209	154
32210	139
32211	80
32212	49
32214	74
32215	126
32216	34
32217	85
32218	179
32219	67
32220	156
32221	69
32222	196
32223	110
32224	79
32225	183
32226	103
32227	185
32228	82
32229	4
32231	48
32232	140
32233	103
32234	165
32235	153
32236	91
32237	177
32238	157
32239	140
32240	6
32241	95
32244	82
32245	166
32246	141
32247	192
32250	74
32254	15
32255	148
32256	95
32257	133
32258	172
32259	16
32260	26
32266	86
32277	74
32301	58
32302	68
32303	80
32304	16
32305	136
32306	41
32307	7
32308	176
32309	3
32310	138
32311	89
32312	36
32313	48
32314	54
32315	189
32316	29
32317	184
32318	67
32320	163
32321	20
32322	104
32323	4
32324	54
32326	65
32327	54
32328	152
32329	175
32330	173
32331	71
32332	16
32333	88
32334	8
32335	188
32336	60
32337	132
32340	56
32341	50
32343	14
32344	119
32345	46
32346	81
32347	31
32348	24
32350	29
32351	33
32352	166
32353	172
32355	146
32356	150
32357	83
32358	3
32359	150
32360	158
32361	170
32362	14
32395	19
32399	141
32401	67
32402	168
32403	70
32404	193
32405	27
32406	98
32407	144
32408	90
32409	100
32410	158
32411	98
32412	43
32413	60
32417	106
32420	183
32421	110
32422	36
32423	126
32424	70
32425	11
32426	11
32427	3
32428	5
32430	56
32431	109
32432	12
32433	2
32434	200
32435	97
32437	79
32438	12
32439	13
32440	35
32442	190
32443	124
32444	110
32445	38
32446	108
32447	49
32448	5
32449	96
32452	93
32455	13
32456	167
32457	44
32459	53
32460	1
32461	92
32462	112
32463	157
32464	2
32465	124
32466	76
32501	52
32502	25
32503	188
32504	36
32505	5
32506	13
32507	110
32508	5
32509	77
32511	166
32512	197
32513	157
32514	80
32516	131
32520	65
32521	35
32522	2
32523	45
32524	188
32526	95
32530	191
32531	93
32533	81
32534	141
32535	11
32536	28
32537	156
32538	46
32539	71
32540	40
32541	138
32542	45
32544	122
32547	5
32548	133
32549	177
32550	79
32559	114
32560	140
32561	131
32562	127
32563	38
32564	70
32565	60
32566	3
32567	68
32568	156
32569	180
32570	80
32571	27
32572	83
32577	105
32578	178
32579	96
32580	144
32583	159
32588	99
32591	51
32601	9
32602	132
32603	167
32604	170
32605	113
32606	187
32607	139
32608	45
32609	107
32610	41
32611	2
32612	131
32614	53
32615	187
32616	91
32617	5
32618	176
32619	22
32621	54
32622	49
32625	153
32626	81
32627	182
32628	57
32631	156
32633	180
32634	73
32635	48
32639	56
32640	69
32641	45
32643	127
32644	44
32648	65
32653	93
32654	53
32655	20
32656	193
32658	194
32662	100
32663	69
32664	76
32666	34
32667	33
32668	106
32669	35
32680	82
32681	187
32683	137
32686	4
32692	184
32693	84
32694	91
32696	15
32697	142
32701	131
32702	84
32703	84
32704	13
32706	93
32707	100
32708	161
32709	1
32710	47
32712	127
32713	122
32714	90
32715	22
32716	187
32718	46
32719	114
32720	118
32721	172
32722	178
32723	87
32724	8
32725	138
32726	68
32727	131
32728	105
32730	84
32732	141
32733	99
32735	5
32736	89
32738	104
32739	181
32744	102
32745	101
32746	189
32747	38
32750	23
32751	42
32752	85
32753	102
32754	165
32756	108
32757	33
32759	122
32762	167
32763	147
32764	166
32765	92
32766	84
32767	86
32768	182
32771	17
32772	27
32773	55
32774	200
32775	32
32776	128
32777	194
32778	179
32779	87
32780	103
32781	17
32783	181
32784	134
32789	82
32790	122
32791	171
32792	163
32793	94
32794	86
32795	167
32796	54
32798	170
32799	137
32801	150
32802	54
32803	197
32804	6
32805	25
32806	147
32807	156
32808	23
32809	30
32810	27
32811	90
32812	147
32814	105
32815	65
32816	27
32817	71
32818	136
32819	2
32820	140
32821	87
32822	102
32824	55
32825	77
32826	74
32827	8
32828	69
32829	23
32830	88
32831	139
32832	84
32833	1
32834	88
32835	195
32836	6
32837	195
32839	91
32853	34
32854	55
32855	175
32856	156
32857	118
32858	53
32859	59
32860	59
32861	52
32862	191
32867	142
32868	2
32869	185
32872	44
32877	44
32878	125
32885	100
32886	110
32887	98
32891	46
32896	154
32897	160
32899	174
32901	70
32902	42
32903	163
32904	42
32905	107
32906	193
32907	124
32908	74
32909	140
32910	167
32911	32
32912	126
32919	122
32920	108
32922	188
32923	42
32924	150
32925	68
32926	68
32927	16
32931	8
32932	140
32934	147
32935	149
32936	70
32937	111
32940	125
32941	26
32948	175
32949	42
32950	157
32951	187
32952	101
32953	168
32954	87
32955	195
32956	180
32957	102
32958	100
32959	32
32960	161
32961	161
32962	61
32963	105
32964	79
32965	192
32966	190
32967	196
32968	176
32969	198
32970	128
32971	135
32976	182
32978	84
33001	194
33002	22
33004	73
33008	81
33009	36
33010	106
33011	87
33012	62
33013	65
33014	158
33015	94
33016	3
33017	82
33018	98
33019	169
33020	126
33021	93
33022	2
33023	163
33024	115
33025	95
33026	182
33027	100
33028	192
33029	47
33030	91
33031	170
33032	74
33033	112
33034	181
33035	190
33036	70
33037	178
33039	26
33040	100
33041	35
33042	74
33043	151
33045	178
33050	3
33051	160
33052	105
33054	180
33055	134
33056	116
33060	167
33061	28
33062	101
33063	73
33064	64
33065	46
33066	6
33067	31
33068	43
33069	108
33070	81
33071	162
33072	24
33073	35
33074	198
33075	197
33076	104
33077	64
33081	83
33082	12
33083	43
33084	31
33090	72
33092	109
33093	97
33097	122
33101	27
33102	109
33106	17
33109	120
33111	112
33112	123
33114	157
33116	112
33119	173
33122	133
33124	154
33125	161
33126	109
33127	174
33128	180
33129	23
33130	71
33131	60
33132	8
33133	26
33134	115
33135	41
33136	65
33137	47
33138	6
33139	66
33140	93
33141	2
33142	128
33143	19
33144	128
33145	164
33146	199
33147	27
33149	198
33150	24
33151	24
33152	37
33153	147
33154	124
33155	184
33156	199
33157	85
33158	84
33159	88
33160	17
33161	91
33162	72
33163	1
33164	175
33165	83
33166	37
33167	184
33168	42
33169	169
33170	1
33172	97
33173	109
33174	56
33175	85
33176	55
33177	33
33178	31
33179	189
33180	151
33181	106
33182	197
33183	45
33184	90
33185	131
33186	187
33187	191
33188	162
33189	26
33190	123
33193	165
33194	111
33195	19
33196	189
33197	172
33199	146
33206	192
33222	200
33231	169
33233	116
33234	106
33238	161
33239	135
33242	141
33243	26
33245	193
33247	164
33255	26
33256	12
33257	82
33261	131
33265	93
33266	151
33269	136
33280	128
33283	33
33296	66
33299	111
33301	19
33302	25
33303	32
33304	123
33305	148
33306	25
33307	76
33308	124
33309	65
33310	90
33311	13
33312	126
33313	171
33314	32
33315	26
33316	140
33317	118
33318	164
33319	13
33320	143
33321	74
33322	107
33323	28
33324	61
33325	153
33326	173
33327	132
33328	62
33329	59
33330	69
33331	161
33332	90
33334	83
33335	54
33336	12
33337	169
33338	183
33339	68
33340	28
33345	189
33346	44
33348	193
33349	47
33351	112
33355	182
33359	64
33388	117
33394	77
33401	84
33402	37
33403	50
33404	143
33405	9
33406	178
33407	103
33408	177
33409	179
33410	182
33411	34
33412	146
33413	48
33414	187
33415	68
33416	20
33417	38
33418	99
33419	174
33420	77
33421	131
33422	132
33424	135
33425	8
33426	77
33427	118
33428	10
33429	158
33430	142
33431	81
33432	113
33433	61
33434	103
33435	171
33436	36
33437	132
33438	11
33439	140
33440	152
33441	90
33442	60
33443	152
33444	18
33445	122
33446	53
33448	147
33449	192
33454	21
33455	187
33458	65
33459	70
33460	11
33461	178
33462	183
33463	71
33464	168
33465	99
33466	113
33467	155
33468	107
33469	188
33470	153
33471	22
33472	93
33473	148
33474	94
33475	136
33476	155
33477	128
33478	124
33480	180
33481	60
33482	70
33483	187
33484	7
33486	5
33487	101
33488	121
33493	8
33496	52
33497	85
33498	110
33499	101
33503	13
33508	185
33509	145
33510	16
33511	72
33513	194
33514	5
33521	29
33523	144
33524	15
33525	17
33526	128
33527	121
33530	163
33534	178
33537	192
33538	196
33539	61
33540	197
33541	24
33542	103
33543	168
33544	11
33545	162
33547	113
33548	42
33549	109
33550	171
33556	171
33558	192
33559	13
33563	11
33564	147
33565	86
33566	28
33567	170
33568	128
33569	96
33570	191
33571	181
33572	187
33573	48
33574	197
33575	144
33576	12
33578	107
33579	140
33583	56
33584	23
33585	135
33586	144
33587	122
33592	24
33593	44
33594	107
33595	138
33596	177
33597	86
33598	130
33601	51
33602	179
33603	82
33604	169
33605	196
33606	110
33607	127
33608	98
33609	40
33610	30
33611	184
33612	104
33613	115
33614	187
33615	128
33616	91
33617	78
33618	162
33619	99
33620	12
33621	151
33622	185
33623	112
33624	158
33625	147
33626	168
33629	155
33630	26
33631	58
33633	28
33634	87
33635	10
33637	6
33646	151
33647	146
33650	156
33655	161
33660	68
33661	157
33662	80
33663	125
33664	199
33672	56
33673	158
33674	136
33675	34
33677	92
33679	73
33680	153
33681	40
33682	89
33684	98
33685	106
33686	152
33687	197
33688	126
33689	103
33694	170
33701	19
33702	197
33703	168
33704	31
33705	139
33706	185
33707	161
33708	106
33709	108
33710	125
33711	78
33712	190
33713	164
33714	106
33715	113
33716	107
33729	156
33730	33
33731	124
33732	166
33733	129
33734	9
33736	86
33737	27
33738	94
33740	117
33741	104
33742	79
33743	175
33744	46
33747	36
33755	65
33756	175
33757	177
33758	161
33759	132
33760	166
33761	105
33762	53
33763	93
33764	75
33765	88
33766	95
33767	188
33769	28
33770	55
33771	10
33772	153
33773	180
33774	125
33775	106
33776	163
33777	51
33778	11
33779	176
33780	161
33781	25
33782	57
33784	40
33785	25
33786	146
33801	150
33802	43
33803	107
33804	142
33805	87
33806	107
33807	64
33809	58
33810	71
33811	26
33812	49
33813	135
33815	160
33820	94
33823	10
33825	28
33826	16
33827	23
33830	27
33831	98
33834	51
33835	71
33836	134
33837	165
33838	89
33839	168
33840	141
33841	32
33843	72
33844	146
33845	77
33846	47
33847	65
33848	111
33849	73
33850	145
33851	180
33852	194
33853	168
33854	43
33855	151
33856	154
33857	166
33858	128
33859	50
33860	181
33862	118
33863	81
33865	29
33867	89
33868	111
33870	46
33871	86
33872	173
33873	91
33875	10
33876	183
33877	92
33880	75
33881	187
33882	56
33883	148
33884	200
33885	160
33888	44
33890	197
33896	54
33897	49
33898	140
33901	178
33902	12
33903	55
33904	42
33905	63
33906	191
33907	41
33908	76
33909	121
33910	10
33911	180
33912	91
33913	69
33914	174
33915	58
33916	199
33917	74
33918	86
33919	32
33920	26
33921	174
33922	34
33924	156
33927	101
33928	111
33929	61
33930	184
33931	151
33932	164
33935	63
33936	51
33938	74
33944	187
33945	80
33946	19
33947	194
33948	47
33949	22
33950	91
33951	117
33952	117
33953	109
33954	65
33955	27
33956	132
33957	8
33960	24
33965	182
33966	145
33967	117
33970	167
33971	34
33972	114
33973	154
33974	198
33975	42
33976	80
33980	112
33981	193
33982	139
33983	188
33990	72
33991	44
33993	78
33994	161
34101	42
34102	114
34103	38
34104	83
34105	120
34106	102
34107	148
34108	78
34109	41
34110	77
34112	135
34113	34
34114	71
34116	47
34117	11
34119	162
34120	104
34133	45
34134	55
34135	89
34136	57
34137	138
34138	86
34139	95
34140	151
34141	17
34142	93
34143	158
34145	55
34146	4
34201	78
34202	39
34203	1
34204	92
34205	75
34206	167
34207	143
34208	24
34209	41
34210	85
34211	99
34212	107
34215	42
34216	177
34217	134
34218	148
34219	77
34220	174
34221	138
34222	106
34223	21
34224	139
34228	174
34229	73
34230	126
34231	61
34232	46
34233	102
34234	137
34235	173
34236	110
34237	36
34238	191
34239	130
34240	67
34241	150
34242	178
34243	154
34250	79
34251	155
34260	37
34264	76
34265	195
34266	9
34267	59
34268	188
34269	72
34270	12
34272	20
34274	117
34275	76
34276	111
34277	39
34278	141
34280	118
34281	177
34282	23
34284	168
34285	190
34286	40
34287	22
34288	155
34289	139
34290	47
34291	171
34292	96
34293	160
34295	80
34420	130
34421	5
34423	148
34428	182
34429	60
34430	48
34431	37
34432	55
34433	65
34434	68
34436	142
34441	111
34442	4
34445	20
34446	150
34447	164
34448	93
34449	89
34450	119
34451	137
34452	113
34453	173
34460	180
34461	193
34464	73
34465	66
34470	100
34471	172
34472	167
34473	2
34474	134
34475	163
34476	8
34477	112
34478	83
34479	178
34480	134
34481	3
34482	106
34483	98
34484	12
34487	177
34488	159
34489	127
34491	133
34492	83
34498	132
34601	16
34602	132
34603	96
34604	20
34605	36
34606	10
34607	184
34608	106
34609	35
34610	182
34611	6
34613	151
34614	117
34636	39
34637	14
34638	42
34639	117
34652	71
34653	144
34654	143
34655	21
34656	133
34660	184
34661	56
34667	83
34668	55
34669	101
34673	11
34674	32
34677	30
34679	37
34680	77
34681	22
34682	193
34683	91
34684	62
34685	56
34688	109
34689	135
34690	192
34691	113
34692	71
34695	73
34697	189
34698	103
34705	113
34711	16
34712	122
34713	6
34714	166
34715	178
34729	98
34731	154
34734	32
34736	171
34737	184
34739	87
34740	88
34741	39
34742	12
34743	159
34744	17
34745	188
34746	168
34747	161
34748	38
34749	102
34753	157
34755	55
34756	147
34758	155
34759	188
34760	62
34761	67
34762	36
34769	88
34770	99
34771	1
34772	176
34773	12
34777	100
34778	78
34785	120
34786	156
34787	116
34788	5
34789	179
34797	24
34945	146
34946	131
34947	182
34948	18
34949	58
34950	54
34951	169
34952	169
34953	68
34954	41
34956	151
34957	134
34958	174
34972	122
34973	187
34974	125
34979	123
34981	50
34982	109
34983	45
34984	26
34985	35
34986	2
34987	149
34988	187
34990	198
34991	81
34992	141
34994	81
34995	187
34996	89
34997	54